0.0 -4.90689 47.2994
-1.0 -4.90689 47.2994
0.0 -5.90689 47.2994
-1.0 -5.90689 47.2994
1.5 -4.90689 47.2994
1.5 -5.90689 47.2994
0.0 -3.90689 47.2994
-1.0 -3.90689 47.2994
1.5 -3.90689 47.2994
-1.5 -4.90689 47.2994
-1.5 -5.90689 47.2994
-1.5 -3.90689 47.2994
0.0 -6.40689 47.2994
-1.0 -6.40689 47.2994
1.5 -6.40689 47.2994
-1.5 -6.40689 47.338
1.0 -4.90689 47.2994
1.0 -5.90689 47.2994
1.0 -3.90689 47.2994
1.0 -6.40689 47.2994
0.0 -4.40689 47.2994
-1.0 -4.40689 47.2994
1.5 -4.40689 47.2994
-1.5 -4.40689 47.2994
1.0 -4.40689 47.2994
-0.5 -4.90689 47.2994
-0.5 -5.90689 47.2994
-0.5 -3.90689 47.2994
-0.5 -6.40689 47.2994
-0.5 -4.40689 47.2994
0.0 -5.40689 47.2994
-1.0 -5.40689 47.2994
1.5 -5.40689 47.2994
-1.5 -5.40689 47.2994
1.0 -5.40689 47.2994
-0.5 -5.40689 47.2994
2.0 -4.90689 47.2994
2.0 -5.90689 47.2994
2.0 -3.90689 47.2994
2.0 -6.40689 47.2994
2.0 -4.40689 47.2994
2.0 -5.40689 47.2994
0.0 -3.40689 47.2994
-1.0 -3.40689 47.2994
1.5 -3.40689 47.338
-1.5 -3.40689 47.2994
1.0 -3.40689 47.2994
-0.5 -3.40689 47.2994
2.0 -3.40689 47.3573
-2.0 -4.90689 47.338
-2.0 -5.90689 47.338
-2.0 -3.90689 47.2994
-2.0 -6.40689 47.338
-2.0 -4.40689 47.2994
-2.0 -5.40689 47.338
-2.0 -3.40689 47.2994
0.0 -6.90689 47.2994
-1.0 -6.90689 47.338
1.5 -6.90689 47.2994
-1.5 -6.90689 47.338
1.0 -6.90689 47.2994
-0.5 -6.90689 47.2994
2.0 -6.90689 47.2994
-2.0 -6.90689 47.338
0.5 -4.90689 47.2994
0.5 -5.90689 47.2994
0.5 -3.90689 47.2994
0.5 -6.40689 47.2994
0.5 -4.40689 47.2994
0.5 -5.40689 47.2994
0.5 -3.40689 47.2994
0.5 -6.90689 47.2994
